-4.817802414193328997e-01 -3.264926256083262590e-01 8.846757428011345348e-02
1.646311005676903694e-02 -1.247950630314552001e+00 4.020596149038749290e-01
-2.251465929518801090e-01 -3.684072460814570293e-01 -1.682437726774437703e+00
3.714577215851192493e-01 7.618740899634665054e-01 1.225030266700168902e+00
-7.788977134104247968e-01 -7.200996797426136853e-01 1.045900314429507816e+00
-2.263671289108554197e-01 -4.563026859613411590e-02 1.831216860398764634e+00
-1.523218293403834966e+00 -1.033254271362384902e-01 1.538510552830442968e-01
1.155576084829029959e+00 2.195386322705742688e-01 5.794392182398073743e-01
-1.307095515882762404e-01 -9.932865943170723355e-01 -7.126764089370114519e-01
-1.066155233055508411e+00 -1.190821580267348301e+00 -6.033204301033684436e-02
1.002948570010090190e+00 4.671749700455311016e-01 -5.361458153654302672e-01
1.245964334330814660e-01 1.182489354667299430e+00 -6.741594835000913610e-01
9.409418747281378392e-01 -1.745356077242683490e-01 1.641334405222015569e+00
-6.792513533003803339e-01 6.909919394323538189e-01 -1.354595911150325627e+00
-9.138705573014236361e-01 1.593370890807068063e+00 -7.174457532656870473e-01
2.019378813646919291e-01 -2.641629595322239066e-01 8.886370217566736951e-01
4.915284261707605351e-01 5.548668660601381308e-01 -1.570838396256572622e+00
-8.014600441366026562e-01 6.487828059899418687e-01 -2.205911773197615222e-01
8.909463770750424283e-01 -1.403538502074542116e+00 -3.470728005258910676e-01
1.614700052821544052e+00 -4.711463345166558847e-01 -2.343719187265222992e-01
5.708632918198718320e-01 -4.331959794570552358e-01 -8.212743640391576005e-02
-2.169700754204961779e-02 1.086693491233348130e-01 -7.597026316087165387e-01
-1.025214943727339678e+00 -2.987823876598343364e-01 -8.532062233796254835e-01
8.100299711536328440e-01 -4.916347075533056277e-01 -1.134554658029550911e+00
1.066663586976344558e+00 -9.178573994973344696e-01 7.435785960578631393e-01
-6.746161904624785599e-01 4.183239881069689137e-01 8.714498318723239434e-01
-1.679255908116402463e+00 6.073448113939938775e-01 -8.366306200828476092e-01
8.785194677919329065e-01 1.314452085031390549e+00 2.424886778873677484e-01
1.804030554099218531e-01 5.265804053072374868e-01 1.915810902831777407e-01
-3.067992748471852771e-01 1.463754558455696353e+00 3.432711194040569680e-01
2.168641289480049972e-01 -1.107346816576031845e+00 1.528583357617963490e+00
