2.611135683310528144e+00 -8.706539462648152372e-02 -2.226788295695900088e-01
1.210510793354344639e+00 4.032114514715967046e-01 1.360431433925823219e+00
1.920435814274365383e+00 -9.780616402255704056e-01 -1.474218571211051154e-01
-1.066180738686864776e-01 5.866791039663037388e-01 8.707061883689992676e-02
5.662449638865035828e-01 1.484217148709586542e+00 1.032085925395214918e-02
1.348264832416228964e+00 1.216802950472885447e+00 -1.357071839033148208e+00
1.540252926948419976e+00 1.296373893467220491e-02 -3.922909066804761702e-01
2.769535742692226798e-01 -9.358895294005117882e-02 9.036499071642521974e-01
1.237244438253461531e+00 2.072241528300723612e+00 -6.498512008563029907e-01
4.342354152779021592e-01 7.368014258947825912e-01 -1.778485180919747277e+00
-3.565241784984127804e-01 6.882643343924015333e-01 -9.872460439388380804e-01
3.211433944972857391e-01 1.588798762172230372e+00 -1.067310157725015030e+00
1.405474136982310940e+00 1.385738545596493232e+00 7.791553844460208378e-01
-5.382499878095883261e-01 -2.785792825067249789e-01 -4.502387100988187729e-01
9.417788634839784345e-01 5.262532199556980705e-01 3.310056865559689032e-01
1.995858071987064886e+00 4.379962354657782053e-01 5.376138236208767296e-01
5.191242849347812438e-01 -3.078096616162590005e-01 -1.779730120682302130e-01
8.725977765617188853e-01 -1.311066652616471817e+00 7.013138378737858447e-02
7.564279461994062592e-02 -1.178915151204402934e+00 -7.039836513675578056e-01
1.592989848028148581e+00 1.106859633598474835e+00 -2.825764507761578948e-01
-1.600016646394753494e-01 -9.610490933023484450e-01 3.671826686714351196e-01
2.528341650552278774e-01 -2.199269228649383123e-01 -1.240622573760455927e+00
2.156754783485843152e+00 -5.237737536222504264e-01 -1.143158739205600405e+00
3.269677200366119529e-01 1.049806549238806452e+00 1.034548738174008164e+00
2.261557889279266043e+00 1.695874018541121186e+00 -9.265337035729488413e-01
1.295710206057324676e+00 1.072866285191345359e-01 -1.459871992858807754e+00
2.211504371242281053e+00 5.850662769680103903e-01 -1.038678331810882094e+00
6.939598677574790875e-01 6.322984374558499043e-01 -7.044339812267587098e-01
1.117331655701567783e+00 -8.525839107060013689e-01 -9.217654039241602870e-01
1.308300201400080409e+00 -4.487876632431089807e-01 6.089433913201259818e-01
2.670236526265821198e+00 1.023547520331918204e+00 -1.213118926107401296e-01
