1.005503906173867090e+00 -8.196869014205199200e-01 3.737037780594316683e-01
-6.831810415805917858e-01 2.022418678585658769e-01 -1.555784496671223760e+00
4.182604967769437687e-01 2.586822191693846293e-02 7.825160591057224169e-01
-1.106007475945477436e-01 6.074599363607575686e-01 -7.428570412798577438e-01
-2.494500140751634565e-01 8.488166371111187658e-01 1.059939627902683590e+00
5.147853660828413114e-01 -8.139518194496052350e-02 -2.614300307872197138e-01
4.445390444603916080e-01 9.418284489991797237e-01 1.639526601717136711e-01
3.063383003571925611e-01 -9.373397114052177681e-01 1.276588943115406494e+00
-4.212937402612335069e-01 -4.346042257497175765e-01 -6.946715943671015747e-01
-1.457854455360712009e+00 -6.396517806543843276e-01 -8.867139833216669542e-01
-1.184105323369895935e+00 4.003402254362090629e-01 -5.502551943149742719e-01
-5.974035940298842995e-01 -2.459471177156799526e-01 1.137249461603273337e+00
4.397754886864942980e-01 -1.415560522976342939e-01 -1.338202095919788892e+00
-4.167011301616520558e-01 2.436143376565539920e-01 1.828183224597818568e-01
-1.167916413771749928e+00 -5.262134165010748932e-01 1.844755684778296989e-01
-7.316151605802101443e-01 -1.356773639772660189e+00 8.813486998399185923e-01
9.131189673170526655e-01 8.622342902640042217e-01 1.205404309176547173e+00
-9.702288299675665417e-02 -7.547615682988947361e-01 2.857812278323445532e-01
4.562253409159215956e-01 -1.116162035438734046e+00 -5.861194513099428072e-01
2.868559629399327626e-01 -1.731883844069527445e+00 3.965337328022301433e-01
2.379177400453570401e-01 1.612483800300982484e+00 -7.304907263959073971e-01
-6.261593327642893669e-01 1.274548704989569625e+00 -3.080910090629135345e-02
-7.943487216899050019e-01 1.292943470651356064e+00 -1.177189817562481977e+00
-6.805902440180122692e-01 -1.435170899723211324e+00 -2.961767294005952511e-01
-1.320751651152646033e+00 5.474444035757325411e-01 6.281673341259288446e-01
2.512673615711680242e-01 1.053772749624711652e-01 1.824877346279949908e+00
1.418986321121882721e+00 -4.252451891970498998e-01 -6.725537914364135839e-01
1.364430027789190536e+00 2.783712737127851944e-01 2.958455606301534369e-01
2.282822942858344639e-01 9.414668515123566506e-01 -1.688380874086942374e+00
9.821561796989252136e-01 7.200083676651322095e-01 -8.089719281608781509e-01
1.270551655184253281e+00 -2.586565487844462718e-01 1.341404224338369477e+00
