1.195585273056970488e+00 -5.155970393448350286e-01 4.693066550840691575e-01
3.020949750549517532e-01 1.122311055420306847e+00 5.899035935056262669e-01
-4.481633158016494756e-01 -1.366922110978342708e+00 -7.250568756972491924e-02
7.656882329540313226e-01 -1.455186758657196489e+00 -1.227486473424396762e-01
2.973817945233416804e-01 3.413593064863928994e-02 8.138950714371007145e-01
-1.735081563618106504e+00 9.901432362933472175e-01 -5.900588577288212733e-01
-6.500291725564986134e-01 -2.865036952923589730e-01 -1.583490255517763012e+00
3.537298499300798316e-01 6.817081213393904049e-01 1.649621792908505746e+00
1.250143408916411625e+00 5.497561588969869240e-01 9.004440321846274298e-01
-1.618362984095827573e+00 -9.858270726940088213e-02 -9.349665945610383666e-01
-7.511828563038340789e-01 6.439397274607813193e-01 -9.242549737073915139e-01
1.211246202227046043e+00 6.613987142799876429e-01 -9.878251447261263696e-01
-1.503671918733177071e+00 -8.654611569568807505e-01 -4.484812134296339847e-02
-6.298827309073256053e-01 5.826011694317886347e-01 1.006572131018423244e+00
1.270006555224647782e+00 1.303143487253053401e+00 -1.913562547174729733e-03
-1.062232999116465182e+00 -1.223779498418569478e+00 -1.049811351590744346e+00
-2.499896697438448445e-01 -3.296377878625685320e-01 1.645967318643475341e+00
2.760439146111202113e-01 -1.058334651126749071e+00 8.833523459337337957e-01
-6.813692269329412188e-01 -3.849032955964581393e-01 -5.228561638699721348e-01
-6.454421499739472212e-01 -4.771779413897195843e-01 5.883779753871054563e-01
-2.665742316377179844e-01 4.079993448809594581e-01 5.625027013315408997e-03
2.404237052802242758e-01 1.172859162531609822e+00 -5.621044375019570438e-01
1.139932222192998390e+00 -4.724294307781496949e-01 -6.737568895848138339e-01
8.044465848747939241e-02 -1.008409820313300287e+00 -1.025290861249900098e+00
1.838511910085915302e+00 2.637700621101372045e-01 -7.521187299203030419e-02
-1.325202429407750460e+00 2.546284468394196532e-01 1.103822058485687818e-01
2.455064672806459569e-01 -5.426955560765902575e-01 -6.799644542235899758e-02
2.166031121872367127e-01 1.074777595197904390e-01 -9.654088938711351542e-01
7.843298857193621298e-01 3.643931535895671425e-01 -6.380064528762219300e-02
9.240618088595382584e-01 -3.564264051962800495e-01 1.573031499184106341e+00
-8.245487277629135470e-01 1.301782324761640020e+00 3.236975826531623968e-02
