2.397508743512283935e+00 5.473308606191401582e-01 -5.131709519467457348e+00
3.335206526745742917e+00 8.712025743499407504e-01 -2.457346409694237011e+00
1.943160623722171243e+00 -4.044060515579421811e-01 -4.783773206881007489e+00
9.908959964739559867e-01 -3.988162922148710265e-01 -4.213067124782525319e+00
9.725295952043825354e-01 5.091445873536341038e-01 -3.564152343565420544e+00
1.899411937119108273e+00 1.979886617269230431e+00 -3.072235538842336577e+00
1.903410345760843114e+00 8.749005515326813143e-01 -3.103993856291151321e+00
2.852121506560894471e+00 1.439469355773677961e+00 -3.269861265664493644e+00
2.388555574925492309e+00 2.997569982493494822e-01 -2.281694860738247232e+00
2.348881364168644570e+00 9.162811184690724531e-01 -4.096140944605269674e+00
2.878927320053154659e+00 -2.142881311485623705e-02 -4.318550803121106618e+00
2.425997103113144426e+00 -9.775654770152266693e-01 -3.972979605449836082e+00
3.935933289678196889e+00 3.127666051420626148e-01 -3.214835341989995765e+00
1.430300560266978493e+00 5.527503344421308418e-01 -4.567767957064764239e+00
2.834521967379723506e+00 3.397927416632518516e-01 -3.280638523019822728e+00
1.458063303245143105e+00 -6.721726503746629222e-02 -2.748829081303493016e+00
1.867775234978494625e+00 1.504330112152940879e+00 -4.927632056382649672e+00
1.440672276864377821e+00 8.410315179966265653e-01 -2.100290852937472863e+00
3.338481106048128755e+00 -2.414972589594142627e-01 -2.457978795526232663e+00
2.974482305533519888e+00 1.454073517899520107e+00 -4.829332777390400899e+00
2.370554924381708783e+00 2.016310082684939609e+00 -4.077219484548295192e+00
2.382247725706536645e+00 1.406726658168922839e+00 -2.261441981259965761e+00
5.192868166085421455e-01 -4.394861736574141586e-01 -3.208889348870617830e+00
3.362160989244693088e+00 -5.977762568220038597e-01 -3.511836853388126567e+00
9.576250384560601736e-01 1.414442694209854245e+00 -2.911439335748508661e+00
1.473943782769803645e+00 -9.722268826356863514e-01 -3.401918399420295280e+00
5.026936414010605425e-01 4.648151283816114310e-01 -2.559747116661569066e+00
1.413709488874867581e+00 1.456966230751544966e+00 -3.918686459588439419e+00
2.405147113897194711e+00 -6.044586865582526336e-01 -2.930776048917280718e+00
3.448896925189529838e+00 8.815535744786898720e-01 -4.019645271705384104e+00
1.919850729516602517e+00 -2.109034597393395424e-02 -3.747171055099938641e+00
