9.596845995047954547e-01 -6.739836865705037816e-01 9.939816150969746911e-01
-1.071798075436179998e+00 6.224972111280232534e-01 -1.513671256228416695e+00
3.911559581266852437e-01 -4.235537051427218369e-01 -4.249911117293568297e-01
-6.425623833066590462e-02 5.642160194275677165e-01 -3.575704016712534794e-01
-6.615216204543823419e-01 5.457800884138548358e-01 1.662976382596948577e+00
-5.000916421618966101e-01 -1.968939030718014627e-01 -1.055257014979739782e+00
8.162628742833833995e-01 9.375408585341971079e-01 1.837477356863223832e-01
9.327435730652006152e-02 -1.111095633262896287e+00 1.538395729417955993e+00
-5.745995414522210298e-01 -2.961237483771315682e-01 1.295534793875868784e-02
-1.420563657353983267e+00 -6.267513827109685298e-01 -5.535982436477504542e-01
-1.180801028322363333e+00 4.778223262828935614e-01 -4.237957648167581248e-01
-6.000005001833805807e-01 -3.879426062850732659e-01 1.081194604265514281e+00
4.985639082921994314e-01 -3.125824829718540920e-01 -1.508057506037477902e+00
-6.863649233801322191e-01 6.227590514187060222e-01 5.655156051985819055e-01
-4.226500277912350612e-01 -1.198079576947902014e+00 -5.571335838101314497e-01
-1.053084394012006930e+00 -1.173934725538303026e+00 4.000331790382900543e-01
2.063477185325227614e-01 9.828842600638298954e-01 1.118502065831520342e+00
2.763322167266131224e-01 5.241117238386479998e-02 5.527236669697604965e-01
1.074003141007428219e+00 -1.166987008477670340e+00 -2.155753113287195433e-03
7.078954083035438050e-02 -1.045943292011378034e+00 4.390881970538355050e-01
4.703852985872655212e-01 1.460171416741874451e+00 -7.369988120611805638e-01
-1.455652056760690927e-01 1.507036290095326247e+00 1.948324639355578092e-01
-6.396092822698713487e-01 1.370462809407087423e+00 -8.077750740821665332e-01
5.833515907667488065e-01 -1.321842990838492771e+00 -1.007637534313950534e+00
-1.525556160521933879e+00 -1.286733968713751897e-01 4.824353132857253090e-01
2.968115812426012079e-01 -2.019415120425179649e-02 1.637794112512607869e+00
1.392840785760138811e+00 -5.592192039943366666e-01 -8.839084907162093607e-01
1.280091751896504260e+00 -7.123445619749019242e-02 1.108972685895673188e-01
3.576782182347104655e-02 7.024328959887872204e-01 -1.433364772866187797e+00
9.316546630599168433e-01 4.509151521759307557e-01 -8.123393049424301182e-01
1.169144489599172942e+00 4.181063984122077026e-01 1.103181337598377221e+00
