1.699626671250226151e+00 -1.073184505005139622e+00 -1.966491061520380113e-01
-4.594853686654762903e-01 4.545129494881264276e-01 -2.821741267038911372e-01
2.063457891460916738e+00 -1.784605686658600421e+00 5.487617539566976843e-01
1.093187954879851986e+00 1.449775182855029820e+00 -9.738161297615247625e-01
6.886556842835149794e-01 -8.354240932679048992e-01 1.617558290548522237e-01
-3.015627807656605652e-01 -4.348691298895334123e-01 4.218222337950738310e-01
1.142792043700874283e+00 -2.407086669739634532e-01 -6.130649497614870658e-01
1.342514020596675905e+00 -1.082635286890172077e+00 9.829396650261352786e-01
5.971700765640206576e-01 -2.482004105318250387e-01 1.094041867108328736e+00
5.217959582091531434e-01 2.260905486509837969e-01 1.114989921515906479e-01
-1.101759273098381064e-01 6.405351321358537797e-01 8.458006451263364589e-01
-1.558666796875209093e-01 -1.402841292071130619e+00 -1.917413730048750653e-01
1.533735720949945591e+00 4.460985258459650438e-01 -1.316847969102895588e+00
1.436337609440881069e+00 7.372412842431481650e-01 -2.173069943357353317e-01
2.363478772416012230e+00 -6.771959441975110572e-01 6.303531422082848668e-01
9.740060112992285912e-01 -1.853943491123915654e+00 1.894975247320462297e-01
6.388538705024766617e-01 -3.793830731664339373e-01 -1.559034104116143959e+00
2.009762582509167783e-01 -1.335932133330464122e+00 9.533693820496234039e-01
-2.430073296471058353e-01 -1.121862808117239485e+00 -1.327340148935882702e+00
2.195875929277674388e+00 -8.239696119689499110e-02 -4.112135123482126842e-01
4.639569761058081609e-01 5.551994975351143280e-01 -9.338609179430276130e-01
1.096017122663660359e+00 7.526192980442762970e-01 8.613150923616206267e-01
4.416344038931204197e-01 1.269872037337705484e+00 -4.533373397487137219e-02
1.740418221108095631e+00 -7.604991100777771518e-01 -1.308673309543880725e+00
-9.397350387795944116e-01 -5.941213518704863139e-01 -5.208731326184590227e-01
1.019969603200082675e-01 -4.259437024028820407e-01 -6.079490765094719418e-01
7.901889139924038741e-01 -1.263213356696346823e+00 -8.396454727992208600e-01
1.462597773480021734e+00 -1.693618260384669172e-01 3.961904707248664059e-01
-4.485362988214099400e-01 3.875179248863824116e-02 -1.385189444383492674e+00
2.230762844452449656e+00 5.325305878574816409e-01 5.856434401517566224e-01
1.690593955346318289e+00 -8.096150671115806552e-02 1.427591567022939767e+00
