-6.229789277033616068e-01 -7.573497243682484337e-01 9.787684158850545879e-02
6.936279571615736605e-01 -2.005580758527222951e+00 6.072858265787536292e-01
6.783739934271285632e-01 -1.287211395651480794e+00 -1.126554275521978177e+00
1.307261760045525634e+00 1.672923276723085051e-01 3.615225656737497961e-01
-4.449178025984404927e-01 2.369618466214385225e-02 9.509436608596681939e-01
7.520480670660542044e-01 -1.316916784376891136e-01 1.282769008022357493e+00
-9.499075070368409035e-01 -3.476536498132063446e-01 -9.409943337925806839e-01
1.152215608993421458e+00 -9.552271817960534817e-01 6.299444173208645914e-01
-4.229243152536857897e-01 -1.427190086679121395e+00 -8.179582451554309186e-01
-4.381787217386876598e-01 -1.882641927275350513e+00 2.668883221111021387e-01
9.838551850401503485e-01 9.498840314872883939e-01 -1.290091920684609317e+00
1.505052396317444197e-01 1.304644182438431388e+00 -5.141282884482021309e-01
1.941276853975464123e+00 -3.127185248547330043e-01 1.083879772362518201e+00
-8.298400979269181243e-02 4.314240060313551672e-01 -1.274663339953276742e+00
3.843371668672693753e-01 7.869865325147770152e-01 5.096242285282763795e-01
6.480390781057846494e-01 3.748499147871025006e-01 -4.683667738196415908e-01
8.774171602591328556e-01 -1.910061129401608437e-01 -1.395368831008471089e+00
7.076196423690063464e-02 -4.740738213402950763e-01 -7.058057448178444160e-01
1.777250476209403685e+00 -8.847145525023295543e-01 -1.128522833125965352e+00
3.909078865092976418e-01 -2.219882607889685389e+00 -5.170990341563311832e-01
2.064481647953460008e+00 -6.245687212003205868e-01 6.517270268504134212e-03
1.707696839240384845e+00 2.261711296280712880e-01 -7.294937309813992465e-01
-1.196737230496014437e-01 -6.888145313807458869e-01 -1.721464826851167640e+00
1.086034978173700427e+00 -5.827924236377723943e-01 -3.920356075658493755e-01
3.519587824250308694e-01 -1.263154088593041458e+00 -6.618942324821103229e-02
6.347530684906178833e-02 -1.085172451700194163e+00 9.721420216383435120e-01
3.354388991353708382e-01 -2.778387244531079214e-01 3.125064995785477029e-01
2.322461325197643145e+00 4.605102439341673404e-01 1.739909958770787246e-01
-4.217245572814193322e-01 3.493649938565964730e-01 -1.752299960805040469e-01
1.330323958060101841e+00 1.140530705751055418e+00 -1.698853377081642746e-01
1.369254130322935747e+00 -1.616311368066879917e+00 -2.705875759323482788e-01
