2.180146312968003208e+00 1.794555138668272043e-01 -4.626242970104514463e+00
3.640303821861676781e+00 -2.043233795470604797e+00 -3.783079966558850149e+00
2.249369694023925170e+00 -1.396259026553936966e+00 -2.638086262784560709e+00
3.760199339144620012e+00 -1.777585337393080778e+00 -2.706511967569123822e+00
3.067918343027911110e+00 1.735022507996034913e-01 -2.141390995676854203e+00
9.795003523888653474e-01 -1.228462495226095852e+00 -3.525507323818385164e+00
2.913403951661377000e+00 -1.976456451963739758e+00 -1.994790511769318986e+00
3.407388037707873352e+00 -1.128002690770974592e+00 -4.366802798649882078e+00
2.509626500742427879e+00 -3.771033733368313601e-01 -2.875212414359030522e+00
2.354175943771727564e+00 -9.209480503382024841e-01 -4.679094653147199523e+00
3.897405586907952024e+00 -1.567944167516552856e-01 -4.108760533425918737e+00
3.170780683213545892e+00 -2.221691064516233272e-01 -4.960631158211280756e+00
1.903102935119037165e+00 -1.628137888441473891e+00 -1.627126701893393257e+00
1.192541378496427384e+00 -1.646869024539022064e+00 -2.504531510148155782e+00
1.753362241754437445e+00 -2.032000674500082038e+00 -3.388342509830720939e+00
1.848842698612949809e+00 1.040867988127005261e-01 -3.573571308665463686e+00
1.466030570964622193e+00 -6.038266332680708448e-01 -2.751161736694540672e+00
2.592019214060157228e+00 -1.832412088191202937e+00 -4.089560116773633069e+00
3.201951486639437849e+00 -9.405428347882295315e-01 -2.252621435058864030e+00
3.068427813342021970e+00 -1.201470098437422696e+00 -3.324701698188134102e+00
1.357459245900863642e+00 -5.295230305023354012e-01 -4.337491250665252984e+00
2.209818734235472260e+00 -5.918810337935279664e-01 -1.863908282725140531e+00
2.806705399988399741e+00 -2.238812873461735631e+00 -3.076332286410370376e+00
2.845035146439624185e+00 5.827884323115924969e-01 -3.228566549616905146e+00
3.575418513671928977e+00 -2.499114288063609690e-01 -3.054954427933050720e+00
2.836936270598092502e+00 -3.097037861436953698e-01 -3.900378879636451579e+00
4.136884526866210443e+00 -1.081002012078517982e+00 -3.515759938198643297e+00
1.969273533855996794e+00 -2.444051575296684486e+00 -2.379385532996939112e+00
2.039467287522693351e+00 -9.987207443606113122e-01 -3.629135371066726012e+00
3.143005035579512274e+00 6.647472949691224375e-01 -4.290858933118147256e+00
1.543255774834502159e+00 -1.628465148297804754e+00 -4.402180647106463951e+00
