2.072186430787465117e+00 -3.032860555342327680e-01 -1.511452439209892473e+00
4.931335483292067501e-01 1.811070188447888141e+00 4.771771036130206256e-01
9.615618760073936511e-02 -8.972462178299792646e-01 4.718469907421773413e-01
-1.712669080581284142e-01 2.069742416928055662e-01 -9.972060515505417611e-01
-2.866801326899607316e-01 9.367782890931104500e-01 7.313071036343129494e-01
1.606764482953707995e+00 1.407398700916805412e+00 6.484459140841705160e-01
2.523693230550586364e+00 1.505797705199911352e-01 -5.318629516761099740e-01
7.422230272689787078e-01 7.838711585631322754e-01 4.318035691301415624e-01
1.967870331252650692e-02 1.029585020592841127e-01 8.537472694745380786e-02
9.262242715197847032e-01 -1.000464586389370469e-01 -1.490492401833850122e+00
1.313836876447276092e+00 -1.147703998443954765e+00 -1.224841600386545215e+00
-9.190139822066983877e-01 5.334981286304307790e-01 -1.670067713407177856e-01
1.668171505133783095e+00 5.248381196707704310e-01 1.562018784958927285e-02
2.339203754502975574e+00 -1.007687007049103523e+00 -6.202301107883878561e-01
1.509942062668524709e+00 3.586711692005086771e-01 1.085758530148015488e+00
9.980169456656347027e-01 -2.818905299735020020e-01 3.454850142615724096e-01
1.533547715068165118e+00 -3.205444612024688777e-01 -5.950598869784763378e-01
3.235203056064077654e-01 7.167556195291080456e-02 1.144426084637508279e+00
-6.604818626090026568e-01 -5.953913608711092209e-01 -3.374490467505313340e-01
7.840336427372788242e-01 3.986445097738751664e-01 -5.541626441181481955e-01
4.760415550129009077e-01 -6.558390714841656477e-01 -5.830891754056523046e-01
1.324810724069920509e+00 -1.240961098918681227e+00 -8.039366392793687033e-02
2.288955516095227516e+00 1.308691669877466657e+00 -3.299852619319744718e-01
-7.511897097589410599e-01 -1.431526297961333016e-01 7.688010124841677673e-01
6.024077577531775640e-01 1.048954403743437735e+00 -1.363008143269879735e+00
1.141628287629436578e+00 1.413823589204425746e+00 -3.904138050299897911e-01
2.541049053892718845e+00 6.291004872044362317e-01 5.983840809417358964e-01
7.062752054146138603e-01 1.142377820174302006e+00 1.423055590348179411e+00
1.684683563482390012e+00 6.783000796385735276e-01 -1.083966516439860195e+00
2.092670514603650833e+00 -4.232428237839049867e-01 3.492507818096761696e-01
2.794262620470486236e-02 1.141770825563176883e+00 -3.393165130774403737e-01
