-9.558873746628480939e-02 -7.269033348902826930e-01 -7.530503413245757949e-02
9.322749389705146106e-01 -9.431407683451775714e-01 -3.989020910729367264e-01
5.895163149926011537e-01 -1.022290276163051237e+00 -1.452205515667388758e+00
1.074454232112908469e+00 1.744246257196490138e-02 1.264080465382341423e+00
-5.823264933489787909e-01 -1.344849070399902091e+00 7.058322105975635141e-01
-7.350007933629493229e-01 -2.416441835863438747e-01 6.854380433204894096e-01
-1.079549617594777633e+00 -3.115392031986836119e-01 -3.622691683412454511e-01
1.788899329145249961e+00 8.607824897867862035e-02 4.133159178024518043e-01
1.135177277506748683e-01 -1.640487020971898025e+00 -6.626106942326351890e-01
-9.251054640003270046e-01 -1.414384687731174095e+00 -3.364913422658677433e-01
1.440832303630242617e+00 1.864407319177805930e-02 -6.303087578600108376e-01
3.720235428742206807e-01 7.677387327389304517e-01 -1.493201971504244607e+00
1.281939044488806134e+00 -8.818250599597898809e-01 6.533203511717584622e-01
2.584928758284386202e-02 -1.952788134357411332e-01 -1.924529935281806159e+00
-2.647940265724029185e-01 1.272837518150557123e+00 -7.386300792044341312e-01
2.459963992207427341e-01 -6.632657381065519830e-01 9.805865323996844074e-01
1.101628326094651333e+00 -5.334123212728544144e-02 -1.676544439310499790e+00
-2.444969987445826665e-01 3.691177727459418745e-01 -9.945375485460361542e-02
1.152645775595508848e+00 -1.856433711359177785e+00 -9.900076777620174795e-01
2.009373794851320838e+00 -8.270191323632094527e-01 -1.788266245077097250e-01
7.188999910076150357e-01 -5.721195800947333904e-02 1.981015186708077191e-01
3.725205536009452145e-01 -1.274786535458310721e-01 -8.551723875680654618e-01
-4.471161452403324410e-01 -8.038711814017116541e-01 -1.127037537634150155e+00
1.665299466736647416e+00 -8.968180539928848338e-01 -1.225090861169728207e+00
1.495257421739766057e+00 -1.786931307187724638e+00 5.180855509213810189e-02
9.738962228623529449e-02 4.407833591250942540e-01 9.530017486525712567e-01
-5.940672351829207054e-01 3.005134191133646548e-01 -1.149586954720533516e+00
1.060369736179252564e+00 9.073767527178674408e-01 5.999250532977870032e-01
7.165725661823501014e-01 8.331821347230791153e-01 -4.464702209406803401e-01
8.136494439515698507e-02 1.343059707471119024e+00 3.139701909332817675e-01
4.560851990697303293e-01 -1.570993494623091902e+00 3.790705820856928865e-01
