3.138015268667615487e+00 1.689142054602138510e+00 -7.179457608637312971e-01
2.596569928062738342e+00 1.975659808567100439e+00 -1.641741201591560451e+00
3.253911341241335187e+00 2.027594573653894283e+00 -2.523211515169325292e+00
3.759447816652547125e+00 -8.116493075320128925e-02 -2.726650818152901667e+00
1.531904248686718484e+00 7.030785351434775121e-01 -9.583865717741638646e-01
3.933630254156154304e+00 1.662316370847248814e+00 -3.348789316179988873e+00
4.242516249081965896e+00 1.461695010696247632e+00 -1.046110982854532745e+00
1.718259442941950432e+00 2.568393846642471612e+00 -1.624000881698211218e+00
3.079241067758080597e+00 2.792345180623773682e-01 -1.899331934514123743e+00
2.131043942482578224e+00 2.115398846955733880e+00 -2.623579717785318177e+00
3.531518025201612065e+00 9.577445361180282335e-01 -2.657443534646050320e+00
3.608040637061955103e+00 2.365313119996511837e+00 -1.499290989537359620e+00
2.630016995670452218e+00 2.688540247000377192e+00 -8.567152673234180726e-01
2.690265510283995631e+00 3.149568017981175805e-01 -2.964103383727451302e+00
4.173901905843506732e+00 5.652386466528431797e-01 -1.850420663286538758e+00
4.534995548938176135e+00 7.571875374463703512e-01 -2.938537889002505565e+00
2.454651806517486712e+00 9.332397391070049730e-01 -2.303579647478972148e-01
2.490819429247686401e+00 2.041589247589353562e+00 8.854948380004844244e-02
2.749415785486359898e+00 2.941743756368653706e+00 -2.044540624424908248e+00
1.727277677665232991e+00 1.035578378986911741e+00 -2.944461260995105967e+00
4.282177800308327065e+00 1.649027718937624121e+00 -2.237156420955317859e+00
2.453004866320977584e+00 -2.517146923492946664e-02 -9.858349445341709760e-01
3.432012693121491154e+00 6.033681682323713824e-01 -8.705632509603213887e-01
3.420538700745431537e+00 1.315237340891521223e+00 -1.686676018050558001e+00
1.925645720816547835e+00 1.776965976041473327e+00 -8.112618507213945618e-01
1.636461892305088872e+00 1.438683870689405175e+00 -1.840226113003308184e+00
2.798734801372602110e+00 1.400683076228828039e+00 -3.351530347908258989e+00
2.497821924196731214e+00 9.872448199173921024e-01 -1.289037776512813593e+00
2.567346648219539951e+00 1.172381592211937384e+00 -2.325886839617571589e+00
3.582980525455622178e+00 5.970192788437965747e-01 -3.653933073010338095e+00
1.954363861767245858e+00 3.469227578477824259e-01 -1.992521407872892558e+00
