5.992985002112152237e-01 -9.213063449352009160e-01 1.086432660331150490e+00
5.107860844882363693e-01 -1.149496923839226525e+00 -1.279988023420979282e+00
-1.224005780253176301e+00 -6.123517946612164753e-01 8.371153571672835803e-01
1.243797970054294488e-01 -5.543698416572906407e-02 -1.476712726642020357e+00
-6.429685439721173346e-01 -9.422810678818542840e-01 -1.419784642822305543e+00
-4.538040430791210333e-01 -1.178652030318394273e+00 1.476427586780431955e+00
-8.222083020243613483e-01 9.447899671272508293e-01 -1.987220347867753034e-01
-2.667531082668674891e-01 -1.678276304777554406e+00 -5.769294084216962659e-01
-4.947635974684181370e-01 1.619371455477566890e+00 6.707720804086099164e-01
9.849188470656651262e-01 6.717177832233678370e-01 6.180555328010317595e-02
2.112569695288595284e-01 1.446192840568585325e+00 -2.512379761868750450e-01
8.593490046004736982e-02 4.021264552858612173e-01 -4.988361367329465779e-01
1.818360133474493434e+00 3.665740100679187874e-01 -5.780888947159406044e-01
6.608200413918154936e-01 1.443757924433904716e+00 8.363579722445377840e-01
1.484892214941542665e+00 -3.190418609351970969e-01 2.856694074530823357e-01
8.788718949513638634e-01 8.177485129658745855e-01 -1.064329934323748006e+00
-1.641187119832217434e+00 1.286844424298403400e-01 -4.133255894982656997e-02
-2.846942723469383374e-01 -1.088437517591103409e+00 3.991785167242545285e-01
-8.731576966457978983e-01 6.416040930853406099e-02 -9.174008502637480689e-01
8.075243299226269045e-01 3.063089819070009545e-01 1.123448793817474645e+00
-2.306884440559326954e-01 -1.549778848919786678e-01 1.160971412967243932e+00
-1.122885817104736894e+00 -9.036622213518465951e-01 -3.489216608036436185e-01
-1.014687301087846549e-02 6.914620977184293693e-01 5.088351424115948873e-01
-8.681814034013690673e-02 -6.337562108357940316e-01 -5.726708386026411191e-01
-6.249681263139077458e-01 -8.133600906076920989e-02 1.439703038379738231e-01
7.195034042315251455e-01 -1.215077852072305120e+00 -1.181494115143824075e-01
-1.167184358831194757e-01 9.149789765103704120e-01 1.539417310668909078e+00
4.254686610993916318e-01 -2.532062174464250193e-01 2.801020220562229213e-01
-1.036008171240001552e+00 5.979674100690601790e-01 8.765533694224445505e-01
-3.111525034343629592e-01 1.033197572425921917e+00 -1.243965361968869310e+00
9.309131964998984543e-01 -2.617416147548908278e-01 -6.999870294149657113e-01
