-1.167330392808921674e-01 1.080993650799436656e+00 -5.151242210766655560e-01
2.024235652306860533e+00 -4.411793951745092701e-01 -7.201913380881000970e-01
9.268626840536249301e-01 -5.029400881086549813e-01 -6.594469167086347561e-01
4.043629640470194908e-01 -1.539479409268439958e-01 2.568310279507418081e-01
1.567070194259170934e+00 -6.951576159610949324e-01 1.121550869325445010e+00
5.490068771106384471e-01 -1.371999884487731913e+00 -1.213831710887690596e+00
-5.657305971110306864e-01 3.513208506187386337e-01 1.859414899332191839e-01
3.508645333960989099e-01 9.228177071538967713e-01 4.791941637374432794e-01
1.508451241972170953e+00 -1.431941217076903250e+00 -6.487078346691297348e-01
-9.531300425620838901e-01 -5.184062064661566493e-01 -3.820848081157683374e-01
8.960271415161280562e-02 -1.618327832591912596e+00 6.314627568413501146e-01
2.086125603491491454e+00 -1.041850127645972179e+00 2.113130110710819687e-01
1.563352469869289330e+00 -2.020663126265796361e+00 2.886039872125196748e-01
9.874493813502781547e-01 2.513197184514708304e-01 1.097960953444480525e+00
-4.931584264433970799e-01 -6.759087554252392049e-01 6.137549094127842109e-01
1.387651384322527104e+00 2.303192391865358513e-01 -1.338958114469127825e+00
-5.030176868484168562e-01 1.590391035142800780e-01 -1.719931760821339584e+00
-1.210148139304793452e-01 2.044866059618395127e-01 1.186317424132621090e+00
6.092843877473378411e-01 -1.965437966623301946e+00 -2.798748574829195146e-01
-3.591999299797679623e-02 -1.762102682615548921e-03 -7.257777750222961233e-01
-4.334478849632261155e-01 -8.655163889725747683e-01 -1.293422234733784704e+00
8.703006938269994830e-01 5.722449397632716206e-01 -4.276405949269599938e-01
1.046304954655550068e+00 -1.675311474230350761e+00 1.195322677774821596e+00
4.801753398507102033e-01 -3.472685003794765968e-01 -1.648203720020589236e+00
9.818527723576511157e-01 -1.075354992243792607e+00 2.635086681593465374e-01
2.973047723079238341e-02 -1.021984222719228841e+00 -2.997587070083994054e-01
4.625459191452446772e-01 -7.333514522389427137e-01 1.185437382965333297e+00
1.460793112127874993e+00 -8.520467878063017197e-01 -1.587608998036849295e+00
-1.020066501031302808e+00 5.043898574497278631e-01 -8.132133544223572041e-01
4.023230682715964734e-01 7.343020856041053701e-01 -1.425362080182782210e+00
1.501794857399158412e+00 -9.388363992099998945e-02 1.861780909573101661e-01
