1.470319000724693570e+00 3.983962923688935676e-02 -1.785486441801045210e-01
1.186389995765576577e-01 1.437895776782309731e+00 4.953838794665327283e-01
5.933318312593950372e-01 -1.472628535888635293e+00 -8.156266742410250847e-01
-2.645453862819593382e-01 -6.299594715118217447e-01 1.122890616276795539e+00
-1.104958961083772673e+00 4.414646225673832247e-02 7.105161588320187960e-01
1.153421024492596869e-01 1.133765454662278849e+00 1.618292935400165167e+00
9.589531874787121657e-01 7.638696473038820711e-01 9.077099634005276751e-01
5.694320622520049335e-01 -4.723239391382886287e-01 -4.589531069219129344e-01
-6.667199981860794100e-02 4.334025966561634302e-01 8.443570548784682384e-01
1.388641133055491750e+00 -6.709643178051959422e-01 -1.098443839525517607e+00
-9.760615126247478290e-01 -1.035380729102731934e+00 2.966703329560546609e-01
-5.886933354719250389e-01 7.725310436249125390e-01 -4.722560396518236947e-02
3.651385002378404465e-02 1.189912120599750711e+00 -8.820890274917935203e-01
-1.981172341399215497e-01 1.433367361440823218e-01 -8.355746453034036403e-01
7.185504969071744297e-01 -2.760249601023120336e-01 5.942135093783107447e-01
1.270790144746539951e+00 -1.088506857585848309e+00 6.729077395651301974e-02
-1.185824669932149744e+00 -1.518551786281827909e-01 -4.311420478327479544e-01
-6.373752263575840349e-01 2.627465126694972786e-01 1.728472299587725969e+00
-4.106762322422823352e-01 -9.469771984548117638e-01 -7.110656620667299421e-01
2.883017499215857482e-01 -5.640135921275957198e-01 -1.509544296616898817e+00
-2.709280761288828110e-01 -2.651632292078074382e-01 1.186872378473230877e-01
-1.039972387432653633e+00 7.649836415874438078e-01 -1.066555567746095834e+00
-8.915668778191903066e-01 1.113363578028287781e+00 9.678312780187301456e-01
-8.655037026936627242e-01 -3.024787031116005220e-01 -1.531448513693929314e+00
-8.453630425743574595e-02 5.106892505991282860e-01 -1.821303500397308595e+00
-1.658611866536997104e+00 7.476059085641364454e-01 3.967672918247212854e-02
8.364345473639814843e-01 3.541542711093773610e-01 -1.125707923522434095e+00
7.178503674156017089e-01 -1.158583550276312435e+00 1.205759723576631748e+00
1.681779641666311109e-01 -1.237917172847478042e+00 2.332402659038692594e-01
4.986755228262850226e-01 -1.766572738917115970e-03 1.649996219720265112e+00
4.940908126540736189e-01 5.623013787026618360e-01 -8.775992487731813785e-02
