3.577538244764002506e+00 6.806278389900363157e-01 -3.880802783586632942e-02
1.088475524081114143e+00 2.212410204237271194e-01 -1.241503116747298963e+00
2.092553512452129727e+00 1.216910705575140250e+00 7.423960720229334787e-02
3.496252569290903001e+00 1.363364758337801685e+00 -2.074767022402171701e+00
1.497223291948472701e+00 -6.828968853373889036e-01 -7.311680363849283326e-01
3.416442647720611347e+00 -7.273155069698074016e-01 -2.491013440648570665e+00
2.461588432544997040e+00 1.503686379336880208e+00 -1.677202751365590716e+00
1.698515283869204806e+00 1.110919534914325491e+00 -9.658454632076688418e-01
4.147996986184040225e+00 1.564861389923670076e+00 -3.781527042851773324e-01
3.342147981265469525e+00 1.865085483391884846e+00 -1.087127180688028272e+00
2.773660706154254640e+00 9.966075370652596188e-01 -7.550167149917109688e-01
2.612587736090083101e+00 1.006636712409991752e+00 -2.660995986853751827e+00
4.264482162724871905e+00 -2.421862669646025409e-02 -6.055770224831324988e-01
2.918879612304313920e+00 5.024510724648912907e-01 -1.720401531833575026e+00
3.111676840445507963e+00 1.689616202078926710e+00 1.282178437308332218e-02
2.582525258430527604e+00 -7.916114822368959247e-01 -5.119625522758753933e-01
2.806138409313446491e+00 -6.003684159770880102e-01 -1.586750696050426512e+00
3.530949488230660016e+00 3.748967860702192567e-01 -2.611015010390413948e+00
2.306515663246030190e+00 2.001967324118116398e+00 -6.936726073674985837e-01
1.875854323252668099e+00 -5.831404679239519107e-01 3.124176568569359547e-01
2.563445786570917040e+00 2.228381070279664145e-01 2.277140312929315860e-02
1.851250745652180285e+00 6.119665284246740278e-01 -1.950880172714640093e+00
1.734287558182058708e+00 -4.907040406334952642e-01 -1.814079360531191343e+00
3.809664377063282981e+00 8.582068913136498001e-01 -1.147859594862573607e+00
2.171434409913550745e+00 1.216828891549063263e-01 -1.017843133143842005e+00
3.214081860766850873e+00 2.645207428419774770e-02 -8.122554664416329340e-01
2.498792369142831760e+00 -9.590826431050307466e-02 -2.528622899601998153e+00
3.847064231704613313e+00 -1.259356626242250088e-01 -1.669214338834937861e+00
1.478987885294131166e+00 3.231378998809098513e-01 -2.007369222362569428e-01
3.645452025960030706e+00 -9.494079285678503899e-01 -9.134540105811791433e-01
3.467494230417851764e+00 -4.510542555681024135e-01 1.131601876185495820e-01
