1.206707945623375355e+00 7.428463203013168092e-01 -6.046463875348838668e-01
1.383936362755801897e+00 1.036758759007694541e+00 9.416228488081428427e-01
6.466929339586379166e-01 4.535942557808341213e-01 3.068755405179187656e-01
2.260180102186939877e+00 5.186210299556137659e-01 -6.134869409468598489e-01
3.582709353749515380e+00 -6.604942984370856252e-01 -5.278247350725158438e-02
2.746547604148454447e+00 5.969404081736009449e-01 3.289502340773459155e-01
1.714597052087259765e+00 2.493155749795643583e-01 2.676148311436166161e-01
1.862486300040749221e+00 -1.248441588561759019e+00 -1.434749380064155033e-01
3.256421541605433401e+00 6.817732514672785182e-01 1.309472465377820471e+00
5.223049580513351442e-01 -1.261705465027456730e-01 -6.454620030460757052e-01
2.943572570019604040e+00 1.338189019430295668e+00 -4.983618583326115403e-01
3.806507939154288422e+00 3.463293236200752356e-01 3.931633304933286333e-01
1.734602304012150098e+00 3.818865914656276450e-01 -1.539252809901344277e+00
2.845400574394924664e+00 -1.243710089480898784e+00 -6.875862760614149805e-01
1.044439353712181662e+00 -4.860945119905832335e-01 -1.581605191146975509e+00
1.882743524556210746e+00 -1.175381307318696500e+00 -1.263146672374129142e+00
2.203131203010483929e+00 3.278167181745402781e-01 1.246932899874112932e+00
3.307481091738103007e+00 2.697728987106706167e-01 -5.919371718550302530e-01
1.025424681016380735e+00 -6.037567224428702639e-01 2.329585037273339265e-01
3.037647683901385065e+00 -3.188813201357151850e-01 8.683080264073742560e-01
2.573195235368716194e+00 -3.110513700690669125e-01 -1.224137648170553483e+00
2.819761229273418657e+00 7.678813383264330161e-01 -1.492431267510111903e+00
1.983740687449036422e+00 -6.734736020876052054e-01 8.028096736734338101e-01
9.066519746833144877e-01 -1.176909587427755310e+00 -7.136170262139760467e-01
1.597623878161505306e+00 -3.118656580256135569e-01 -6.602427934232025786e-01
2.532977310223645695e+00 -3.835281513814462473e-01 -1.014982615619555856e-01
1.940556340416845105e+00 1.323324921167755797e+00 2.717758993606880086e-02
1.151360737843098336e+00 -3.135181239579178797e-02 1.179658760513706328e+00
3.447515637209004780e+00 1.414755238409675542e+00 4.873808773940513928e-01
1.968350611868020739e+00 1.424103248932676147e+00 -1.106431618346972012e+00
2.444966980792470768e+00 1.394667491495943823e+00 1.009900123879675427e+00
