9.044646114888756916e-01 -8.036210092973375962e-01 3.216522789775887459e-01
-7.798078228851370586e-01 3.560993766768353330e-01 -1.568108729437159843e+00
3.421565220009594732e-01 2.747819133221302002e-02 7.529687452411024662e-01
-2.024217917810937628e-01 6.753578196466705208e-01 -7.295433477873877193e-01
-2.990084104937977827e-01 8.513881410986329223e-01 1.075404994358511779e+00
4.082905392400224542e-01 -5.713996528488368698e-02 -3.010345980571526026e-01
3.821381237179333201e-01 9.544902893950624190e-01 1.698054532997615163e-01
2.309828239152900142e-01 -9.520029554025051244e-01 1.217388734624598401e+00
-5.976212423284616992e-01 -3.577899138403395352e-01 -7.166198581872286200e-01
-1.264741059502201281e+00 -4.918230631056261792e-01 1.848805878951322035e-01
-1.278119842446603815e+00 5.200211825906023710e-01 -5.254787090266604954e-01
-6.646362782308594674e-01 -2.442711893034682780e-01 1.125678125975046795e+00
2.857072536201916702e-01 -7.677143104100692117e-02 -1.369658819900885893e+00
-5.047923620506533648e-01 2.776902290611757973e-01 1.831920897507965662e-01
-7.662543540665144315e-01 -1.420304681057681595e+00 -3.261255244988310320e-01
-7.991602199387637384e-01 -1.355122467215708504e+00 8.435688688194783458e-01
8.690271698338594142e-01 8.355704953613576347e-01 1.193292766477780598e+00
-1.957397479524866923e-01 -7.287181707527330410e-01 2.418530170362209741e-01
1.163337108907540829e+00 -1.599683010005365169e+00 -3.821115587149581660e-01
2.218192022291802790e-01 -1.703184032614486920e+00 2.659445203854794437e-01
1.890763193761344496e-01 1.666752784280951971e+00 -6.829801777086871306e-01
-6.738298404028073563e-01 1.329265124473900661e+00 2.557151036021262924e-02
-8.529775294854894385e-01 1.420059165044679661e+00 -1.118419382575325693e+00
2.642573706148361179e-01 -1.055238805426096604e+00 -6.936231997218774703e-01
-1.382438522260754921e+00 5.873603338140130914e-01 6.738695386783775110e-01
2.040225406243523221e-01 7.328543866016735964e-02 1.802029733258019517e+00
1.272315356776159367e+00 -5.055196331020458400e-01 -7.153839384516950117e-01
1.282071391430647633e+00 2.673801288579725766e-01 2.456293402249904168e-01
1.475548072190626669e-01 1.043367974776046925e+00 -1.661754843056824527e+00
8.923532524867763271e-01 7.496384260118245102e-01 -8.213469492958773710e-01
1.201974630343803252e+00 -2.840147736328203498e-01 1.289459331057454694e+00
